20297396
22723067
22854802
22870138
22878205
22895596
22938340
22945498
22946599
23337664
23494690
23534926
23538898
23563111
23605312
23671249
23822332
24061777
24065692
24126469
24129019
24650110
25698411
25711314
25783935
25862652
25871520
25877130
25946556
25969113
26018577
26019609
26033505
26074620
26077479
26091429
26115336
26130768
26152035
26162817
26386302
26406729
26474580
26484915
26487285
26491455
26492190
26492250
26492685
26492880
26492940
26493285
26576721
26577261
26579841
26583756
26583816
26584611
26584986
26585091
26585151
26585586
26612427
26613597
26614512
26615682
26620887
26621052
26621487
26621547
26621607
26621682
26621742
26621802
26622207
26623188
26626563
26629803
26630103
26631078
26631084
26631333
26631768
26631828
26632368
26632428
26632623
26633163
26638050
26648949
26649549
26656284
26656404
26656839
26657004
26657574
26657634
26658039
26658174
26821869
21085986
21101316
22217799
22897358
22906352
23102801
23395715
23416688
23437289
23470334
23512292
23619566
23663996
23732741
23840066
23867480
24221792
24327092
24509417
24696854
24838049
25561969
25658662
25703047
25720186
25731133
25736590
25736710
25739011
25745011
25752799
25808002
25856335
25859521
25884103
25959586
26053831
26157676
26169352
26374390
26385637
26453344
26484985
26491900
26492185
26492245
26492380
26492440
26492875
26492935
26501923
26556721
26576716
26576791
26576851
26577256
26577391
26577451
26577511
26579086
26579836
26583196
26583451
26583886
26584546
26584606
26584741
26584801
26585086
26585146
26585206
26585281
26585401
26585971
26611090
26612812
26614318
26620582
26620642
26621047
26621107
26621182
26621302
26621677
26621737
26621872
26622838
26625328
26625898
26626558
26629609
26630728
26630923
26631463
26631523
26632618
26632693
26632813
26633098
26633158
26633413
26646943
26650234
26653795
26656534
26657134
26657569
26657629
26657764
26657824
26658169
26658229
26658364
26721739
26742853
26811709
19367923
21139105
21448372
22155658
22484038
22901337
23435649
23490525
23561475
23573457
23635230
23903436
24900972
24927621
25738730
25743806
25759889
25835741
25866191
25876661
25971902
25978112
26013824
26026469
26026601
26028431
26059565
26158208
26245385
26269538
26468270
26483450
26484050
26484485
26484680
26487860
26489750
26492000
26492375
26492435
26492570
26502959
26581751
26583581
26584181
26584241
26584676
26584736
26585276
26585471
26585531
26585966
26586071
26595617
26612192
26613788
26614772
26615432
26616032
26620637
26620832
26621177
26621372
26621867
26622032
26622338
26623133
26625458
26625593
26625653
26630798
26631518
26631653
26632118
26632193
26632253
26632688
26632808
26632883
26633408
26647289
26648774
26650424
26652314
26657129
26657264
26657699
26657759
26657819
26657894
26658359
26744561
21630722
21655550
21817064
21955061
22405520
22883683
23456317
23456506
23461345
23559256
23622514
23641294
23654383
23671129
23688574
23761045
23875873
23888644
23905516
23946001
24227335
24279319
24486883
24758440
24981331
25658286
25670658
25722522
25760385
25784355
25791138
25807791
25867170
25870797
25871340
25894650
25952748
25968333
25973862
25992504
26029656
26030898
26038152
26118402
26220813
26222199
26374953
26396838
26484045
26484930
26485470
26485530
26489745
26492070
26492565
26492820
26518173
26576346
26583636
26584176
26584236
26584926
26585466
26585526
26585721
26586066
26606070
26611902
26613042
26614272
26616027
26620272
26620767
26620827
26620962
26621367
26621562
26621622
26621997
26622027
26622162
26623128
26623818
26624493
26624553
26624988
26625588
26625783
26625903
26631093
26631213
26631648
26631783
26631843
26632188
26632248
26632383
26632878
26633103
26642412
26648769
26650419
26650614
26656794
26657454
26657514
26657889
26658054
26658114
26745981
26753988
26822349
26830179
22220382
22452252
22924220
22959629
23220923
23380055
23440556
23646608
23786375
24148499
24886205
25536076
25643251
25650412
25671388
25700002
25710664
25801741
25803760
25809865
25828636
25835926
25853848
25871899
25888150
25925329
25971403
25984183
26006860
26014060
26030836
26038147
26054746
26119951
26129920
26159257
26407027
26473789
26484925
26485465
26486125
26486695
26487355
26487610
26491720
26492065
26492260
26492695
26492815
26492890
26492950
26493295
26493610
26579911
26580016
26584561
26584621
26584996
26585161
26585221
26585596
26585716
26585911
26594017
26603197
26613037
26613862
26616157
26616412
26618932
26619025
26620267
26620462
26620897
26620957
26621062
26621122
26621497
26621557
26621617
26621692
26621752
26621812
26621998
26622412
26622793
26623258
26624683
26625778
26625838
26626573
26630488
26630683
26630803
26631088
26631208
26631343
26631778
26631838
26632378
26632438
26632633
26633173
26638609
26650120
26650237
26650609
26655499
26655814
26656849
26657449
26657509
26657584
26657644
26657704
26658049
26658184
26825659
26826514
20916889
22502785
22861407
22872798
22908435
22932675
22967844
22969734
22972743
23401095
23452038
23462643
23502201
23527587
23631642
23738295
23913165
23974842
24215673
24391092
24401301
24698619
24922431
25526918
25562585
25673912
25710218
25737890
25767164
25784864
25797953
25812185
25832246
25847099
25872383
25881875
25976732
26025761
26103431
26105696
26117621
26150786
26189546
26209856
26395055
26473295
26480084
26484995
26490995
26491715
26491910
26492195
26492255
26492390
26492450
26492885
26492945
26493110
26493605
26567486
26579981
26582921
26584556
26584616
26584751
26584811
26585096
26585156
26585216
26585291
26585411
26585906
26613728
26613857
26614517
26615252
26615687
26616407
26620085
26620457
26620592
26620652
26621057
26621117
26621687
26621747
26621807
26622407
26624678
26626568
26629253
26630678
26630933
26631338
26631473
26631533
26632133
26632628
26632763
26632823
26633168
26647994
26648519
26649254
26649884
26655689
26655809
26656289
26656544
26657144
26657579
26657639
26657774
26657834
26658179
26658374
26674094
26789582
26801573
20582390
21684728
22201862
22687061
22723085
22914442
23393782
23399452
23407651
23438779
23506039
23556211
23863129
23876482
23943448
24060877
24102076
24152932
24299281
24451459
24452821
24970702
25369602
25536711
25670484
25731834
25759524
25792260
25822533
25830798
25834521
25867362
25872510
25899534
25914267
25953240
25965786
26027274
26053464
26054193
26085759
26104851
26133843
26154939
26164101
26181423
26310042
26466315
26484555
26485290
26485410
26486700
26491350
26491905
26491980
26492385
26492445
26492505
26492580
26492700
26493105
26515062
26560341
26566701
26577396
26577516
26578191
26578251
26583396
26583591
26583651
26584686
26584746
26584806
26584941
26585286
26585406
26585481
26585601
26586006
26606823
26612952
26613492
26614707
26614782
26619912
26620092
26620587
26620647
26620782
26620842
26620902
26621187
26621382
26621502
26621877
26622042
26626758
26630433
26630928
26631468
26631528
26631663
26631723
26632128
26632698
26632758
26632818
26648220
26649249
26649879
26649885
26650374
26655504
26656539
26657139
26657274
26657769
26657829
26657964
26658369
26658564
22030722
22087533
22110723
22124847
22691037
22856957
22870853
22877570
22884218
23127257
23434694
23484035
23549606
23621675
23654513
23861063
24185774
24388457
24389192
24569003
24919181
24985061
25601611
25659781
25687288
25688584
25846438
25847539
25866817
25867870
25869820
25882231
25929382
25934335
25940647
25994722
25995634
26020117
26045317
26060320
26080384
26140891
26142091
26223130
26287165
26364799
26467300
26484250
26484880
26485345
26485405
26487370
26492080
26492200
26492575
26492830
26502034
26568526
26575951
26578246
26580031
26583586
26584186
26584246
26584936
26585101
26585476
26585536
26586076
26601253
26603137
26606818
26612197
26613607
26614282
26614777
26618752
26619907
26619982
26620087
26620282
26620777
26620972
26621002
26621377
26621572
26621632
26622037
26622733
26623138
26624428
26625163
26625598
26625793
26629633
26631223
26631598
26631718
26631793
26631853
26631913
26632198
26632393
26632453
26632513
26632888
26633113
26640019
26648089
26649634
26656174
26657269
26657524
26657899
26657959
26658064
26658124
26658559
26751856
26781394
26801323
20269462
20583235
21593098
21730486
21894910
22662859
22725991
22868952
22894005
22897194
22919259
22925259
22925454
22949994
23535300
23540763
23543307
23612238
23615994
23780841
23886069
24033654
24082017
24914361
24931299
25428890
25557125
25627040
25681679
25685213
25694639
25835246
25867931
25899854
25916672
25947236
25979171
26012039
26013902
26052488
26064218
26122463
26483900
26484935
26485100
26485535
26487560
26487620
26489450
26491100
26491730
26492075
26492270
26492825
26492960
26526818
26544368
26558441
26561066
26577146
26579231
26579921
26580026
26583401
26583776
26584571
26584631
26585171
26585231
26585861
26585921
26605793
26611787
26613242
26613872
26614208
26614277
26618942
26619482
26619977
26620277
26620967
26621072
26621567
26621627
26621762
26621822
26622362
26622422
26622728
26623958
26624498
26624693
26625158
26625788
26630693
26631098
26631218
26631293
26631353
26631788
26631848
26632388
26632448
26632508
26632643
26633108
26633183
26638814
26649629
26650064
26650124
26650619
26651099
26651219
26651420
26653805
26656799
26656994
26657519
26657594
26657654
26657714
26658059
26658119
26658194
26658314
26784317
26790893
26795078
26795273
20165234
22856842
22903186
22916092
22924795
22948453
23153644
23434261
23513221
23526115
23529682
23541370
23588137
23694328
23820646
23879476
23907931
24495634
24616546
25571646
25659471
25746132
25766640
25844562
25880094
25888410
25911480
26130348
26130603
26142531
26147223
26193102
26440212
26470557
26481003
26484570
26485860
26487120
26487555
26487615
26487810
26491170
26491725
26492265
26492895
26492955
26493060
26493120
26493615
26560911
26578761
26579421
26579856
26579916
26582931
26583531
26584626
26584761
26584821
26585166
26585856
26585916
26602917
26612202
26613237
26613432
26613678
26613867
26615892
26621067
26621127
26621262
26621697
26621757
26621817
26621892
26622357
26622417
26622798
26624688
26624808
26626083
26626773
26630193
26631483
26631603
26632014
26632203
26632638
26632773
26632833
26633178
26635197
26649894
26650254
26651484
26652084
26655699
26655819
26656359
26656554
26656614
26656989
26657154
26657214
26657589
26657649
26657709
26657784
26657844
26658189
26658309
26658384
26678439
26735271
26788917
26793633
26815014
21895569
22111509
22928888
23435051
23748086
23979551
24146312
24230801
24302222
24407735
24623594
24688544
25442530
25615678
25658182
25660396
25665973
25704607
25880656
25896742
26014390
26038042
26053351
26357521
26487805
26491915
26491990
26492395
26492590
26493055
26493115
26493310
26520784
26560291
26560846
26578756
26579416
26579491
26580406
26582926
26583526
26584696
26584756
26584816
26584951
26585296
26585356
26585416
26585491
26605420
26605978
26606896
26613178
26613427
26620597
26620792
26620852
26621197
26621257
26621392
26621512
26621887
26622112
26626768
26630188
26630443
26631103
26631478
26631538
26631673
26631733
26632138
26632768
26632828
26632963
26655394
26656549
26657149
26657284
26657779
26657839
26657974
26658379
26773072
26784577
26821009
19822699
21694207
21945409
22069684
22101547
22946124
22954389
23437188
23582847
23586939
23606253
23663889
23842863
23965797
23998317
24006750
24082026
24212877
24358929
24419670
24590073
25593740
25657766
25708274
25825853
25863842
25884131
25890002
25923899
26017619
26028569
26032874
26043377
26081054
26130863
26467880
26484890
26485295
26485490
26492090
26492210
26492585
26492840
26492900
26493305
26549075
26566328
26577791
26578196
26579111
26583791
26584196
26584946
26585111
26585486
26605856
26612957
26613752
26614907
26615387
26616047
26619917
26619992
26620097
26620292
26620352
26620847
26620982
26621012
26621387
26621507
26621582
26621642
26621702
26622047
26622053
26622107
26623148
26623403
26624378
26630438
26630504
26631479
26631728
26631923
26632463
26632523
26632958
26633063
26633123
26633558
26649014
26649644
26651729
26653760
26655704
26656304
26656934
26657279
26657534
26657969
26658074
26658134
26749706
18281100
18971346
21689891
22152119
22904917
22986634
23093782
23439835
23455804
23497324
23510728
23618683
23832142
23969008
24227362
24346702
24486022
25575807
25675071
25695939
25714899
25837335
25841757
25847373
25928469
25935270
25947936
25948041
25965240
26033670
26072754
26079966
26088009
26161563
26175807
26225709
26243895
26331786
26441439
26464878
26466585
26475324
26483850
26484885
26485485
26485545
26491740
26492085
26492205
26492280
26492400
26492835
26492970
26524314
26576811
26577981
26578506
26579241
26579931
26582751
26583411
26583786
26584581
26584641
26584701
26585106
26585181
26585241
26585871
26613618
26614287
26614542
26615082
26615577
26615772
26619987
26620287
26620602
26621007
26621142
26621202
26621637
26621772
26621832
26622372
26626023
26629638
26630379
26630763
26631798
26632398
26632458
26632518
26632713
26633118
26633193
26648289
26649639
26649834
26656179
26656374
26656929
26657529
26657664
26657724
26658069
26658129
26658264
26658324
26677848
26695959
26736306
26821329
21856683
22496109
23516657
23530298
23666318
23795507
24134090
24573755
24837545
24992051
25784755
25854976
25867000
25869766
25935460
25946401
25977787
26100265
26102350
26116216
26159284
26213863
26384260
26394475
26400214
26423206
26483350
26484580
26485300
26487130
26487625
26491735
26491870
26492275
26492965
26493070
26493130
26576881
26577976
26579236
26579926
26580166
26582746
26583601
26584201
26584576
26584636
26584771
26584831
26585176
26585236
26585371
26585866
26595457
26613442
26613502
26613877
26620102
26621077
26621272
26621767
26621962
26622367
26622427
26624698
26624758
26625553
26630893
26631298
26631493
26631553
26632153
26632708
26632843
26633188
26648104
26648734
26650069
26650129
26650324
26651494
26655829
26656369
26656999
26657224
26657599
26657659
26657719
26657794
26657854
26657914
26658259
26658319
26658514
26794804
17842775
19269463
20494132
21683842
22830300
22878678
22899285
22928712
23439966
23505972
23510931
23550366
23557083
23633430
23676729
23709378
23793753
23822607
24379044
24641022
24801030
24984216
25541498
25577897
25582421
25689128
25689323
25738124
25742357
25802930
25848164
25862432
25865612
25883216
25893377
25895774
26028014
26043452
26048144
26057894
26099351
26162477
26467760
26474915
26484575
26485430
26487065
26487125
26492030
26492660
26493065
26493125
26493260
26493320
26526269
26549900
26576876
26577671
26578271
26578766
26579621
26584766
26584826
26585366
26585561
26595782
26612648
26613002
26613437
26614172
26614862
26616557
26619182
26620922
26621522
26621957
26622122
26625113
26626088
26626778
26630198
26631488
26631548
26631683
26631743
26631803
26632148
26632208
26632403
26632778
26632973
26648924
26649524
26649899
26649965
26650259
26650319
26650394
26651489
26651744
26652284
26655899
26656124
26656619
26657219
26657294
26657414
26657789
26657849
26657909
26657984
26658014
26658509
26760677
26789792
26797358
26799884
26817674
26822249
21572264
21674411
22063076
22860211
22863703
22918996
22926634
23327035
23448646
23488402
23640019
23758762
23845552
24052510
24185914
24277093
24556000
24895666
25477650
25553169
25581390
25710630
25808475
25814907
25855638
25870947
25895781
25935705
25970832
26010669
26022351
26083008
26084238
26117637
26187108
26252460
26408724
26466030
26468610
26485560
26485620
26486850
26487510
26491995
26492160
26492220
26492910
26493255
26493315
26493510
26526519
26577921
26578461
26578521
26579616
26580111
26583861
26584521
26585061
26585121
26585496
26585556
26585811
26606838
26613822
26614167
26614362
26615397
26615592
26620734
26620797
26621022
26621457
26621517
26621592
26621652
26622117
26624013
26624388
26624703
26626473
26629653
26630448
26630703
26631303
26631678
26631738
26632473
26632533
26632968
26633073
26648919
26649030
26649399
26649519
26650014
26650389
26651739
26651874
26652279
26655399
26656119
26656944
26657289
26657409
26657544
26657604
26658009
26658084
26681472
26750901
26781792
26818524
19822335
21982125
22863326
22879541
22879787
23447105
23476172
23503136
23595575
23623775
23705408
23840726
24108782
24125600
24515396
24648743
25504690
25567684
25570057
25658071
25684309
25709764
25712449
25741825
25742419
25753624
25782616
25804126
25809460
25822873
25852783
25865872
25900171
25927939
25944955
26011093
26067370
26104426
26136538
26146012
26157898
26326210
26484895
26485060
26487505
26491495
26491750
26492095
26492215
26492290
26492410
26492845
26492905
26492980
26493505
26502433
26567386
26577916
26578456
26578516
26579116
26579941
26583421
26584516
26584591
26584711
26585056
26585116
26585191
26585251
26613817
26615782
26615902
26619622
26619997
26620297
26620987
26621017
26621092
26621152
26621587
26621647
26621707
26621782
26621842
26622307
26624008
26624203
26624773
26627263
26628169
26630203
26631928
26632468
26632528
26632663
26632723
26633068
26633128
26648299
26649019
26649526
26649844
26650009
26650084
26650144
26655088
26655904
26656384
26656939
26657044
26657539
26657674
26657734
26658079
26658139
26658274
26658334
26743741
26753896
26792992
26793268
26795983
26801968
19277923
21372385
22638274
22934526
23401557
23436159
23436984
23441001
23536110
23552271
23586084
23614845
23641128
23972658
24124191
24374796
24400170
24445926
24493953
24968757
25097390
25554284
25583783
25586768
25714724
25729508
25748294
25877978
25883861
25914680
25927379
25941281
25977551
25983668
26002976
26011019
26011844
26012189
26015252
26023520
26055125
26058686
26139164
26437346
26458448
26479751
26483795
26486540
26491880
26491940
26492285
26492405
26492600
26493005
26493080
26493140
26511419
26517977
26527628
26577551
26577986
26579246
26579936
26582891
26583416
26584586
26584646
26584706
26584781
26584841
26585186
26585246
26585381
26585501
26613887
26614547
26615087
26615342
26615777
26619497
26619617
26620052
26620802
26621087
26621282
26621402
26621777
26621972
26622002
26622377
26623043
26626028
26626658
26627258
26632163
26632223
26632718
26632853
26632913
26633198
26648054
26649404
26650079
26651000
26652164
26652224
26652659
26654804
26655404
26656004
26656634
26657234
26657669
26657729
26657864
26657924
26658269
26658464
26746991
26753456
26787092
21464000
22866961
22904497
23430928
23433871
23485990
23640793
23648224
23817598
23862124
23935093
23938897
23991247
24390583
24475459
24625942
25570260
25668603
25804080
25813131
25886976
25920729
25929525
25956822
25967643
25983486
25992159
26014269
26015193
26032758
26060649
26112387
26169948
26224188
26246079
26292399
26466345
26470077
26484900
26485305
26485440
26488365
26491500
26491875
26491935
26492040
26492100
26492670
26493075
26493135
26493270
26521524
26555214
26559186
26576886
26577801
26578281
26582886
26583801
26584776
26584836
26584971
26585001
26585376
26585571
26595792
26608371
26612907
26613447
26614182
26616072
26618652
26619252
26619747
26620047
26620302
26620872
26620932
26621277
26621472
26621532
26621967
26622132
26623233
26627013
26628744
26630898
26631063
26631498
26631693
26631753
26631813
26632158
26632218
26632413
26632848
26632908
26633013
26648874
26650899
26650959
26651499
26651694
26651754
26652159
26652219
26656134
26657229
26657424
26657799
26657919
26657994
26658024
26658459
26658714
26774808
26800428
26826729
18401872
18997171
19898250
20517945
20742408
21480027
21589461
22014588
22473948
22839854
22901822
23344739
23437841
23477843
23528657
23767196
24018617
24073055
24253193
24424583
24525806
24883118
25564255
25635955
25644892
25802251
25819243
25879936
25907446
25937740
25962391
26005846
26012764
26023456
26059990
26156926
26472535
26483800
26487520
26487955
26490280
26491375
26491570
26492035
26492230
26492860
26492920
26493265
26493460
26558206
26567326
26577676
26577931
26578276
26579626
26579821
26583871
26584531
26584966
26585071
26585131
26585566
26585761
26611942
26613007
26613832
26614177
26619187
26619502
26620927
26621032
26621467
26621527
26621662
26621722
26622127
26622262
26623168
26623228
26623363
26627008
26630713
26631058
26631313
26631688
26631748
26631943
26632408
26632483
26632543
26632978
26633008
26633083
26639059
26648434
26650024
26650399
26651194
26651749
26651884
26652289
26656129
26656264
26656324
26656954
26657419
26657554
26657614
26657989
26658019
26658094
26658214
26658709
26668753
26785507
19749427
22080163
22099801
22761979
22896615
22912326
22943214
23429700
23437341
23636691
23811426
23818008
23835471
23861277
23870970
23948367
24961737
24981678
25549259
25582178
25633130
25735970
25859306
25905434
25940120
25942379
25947644
25971308
25986863
26027366
26035634
26052962
26162744
26203844
26214029
26237912
26346350
26358827
26392535
26408735
26479619
26485565
26487515
26487827
26491565
26492165
26492225
26492360
26492420
26492855
26492915
26493455
26493515
26496080
26568056
26577926
26578526
26579696
26579816
26580116
26583371
26583866
26584526
26585066
26585126
26585261
26585756
26595347
26602952
26611937
26613827
26614367
26619002
26621162
26621597
26621657
26621717
26621792
26621912
26622257
26622317
26622512
26623298
26624783
26626478
26627273
26630783
26630903
26631308
26631503
26631938
26632478
26632538
26632673
26633078
26650019
26650904
26651189
26655599
26655854
26656394
26656949
26657054
26657549
26657684
26657744
26657804
26658089
26658209
26658284
26658344
26722889
26753531
26792372
21181694
21930647
22855006
22884580
22924939
22938379
23396365
23414221
23436613
23469199
23545552
23653003
23836879
23886484
24274039
24379498
24439375
24604030
24843883
24881554
24898870
25524885
25574037
25675776
25677042
25716498
25743102
25813701
25851882
25964466
25968618
26009133
26054598
26071539
26091240
26125356
26168922
26182062
26206329
26356059
26466420
26473590
26484030
26486295
26486550
26491320
26491890
26491950
26492295
26492415
26493090
26493150
26493210
26513577
26583561
26584161
26584596
26584791
26584851
26584911
26585196
26585256
26585391
26585511
26586111
26594247
26614062
26615100
26619627
26619822
26620062
26620497
26621097
26621157
26621292
26621787
26621847
26621907
26621982
26622012
26622507
26623743
26624778
26625633
26626038
26626668
26630778
26631633
26632173
26632233
26632668
26632923
26637744
26648571
26650089
26652234
26655849
26656389
26656644
26657049
26657244
26657304
26657739
26657874
26657934
26658279
26658339
26695104
26747532
26786238
26800248
26804469
26814444
26818599
26821104
26822334
19969386
22750794
22839917
22866398
22883657
23427686
23439416
23600849
23648240
23930399
24395792
24412346
24645764
24958112
25512205
25527118
25609273
25650265
25744090
25757917
25818268
25836316
25838647
25861411
25861852
25873273
25876948
25933840
25998157
25998787
26005666
26012509
26069767
26143852
26162239
26356066
26378341
26396323
26466550
26473585
26484715
26484910
26485450
26486545
26487280
26491885
26492050
26492680
26493085
26493145
26493280
26566801
26577121
26577751
26578156
26578906
26582896
26583556
26584786
26584846
26584981
26585386
26585506
26585581
26586106
26592682
26606668
26613457
26613592
26613652
26614057
26615347
26615977
26616082
26620312
26620942
26621287
26621482
26621542
26621602
26621977
26622007
26623303
26624968
26626423
26627023
26630344
26631073
26631439
26631823
26632168
26632228
26632363
26632423
26632858
26632918
26633023
26649544
26650969
26652169
26652229
26652364
26656639
26657239
26657434
26657869
26657929
26658034
26658469
26701231
26736781
26755993
21972931
22410712
22735606
22860102
22876617
22947891
23339484
23534490
23657349
23843994
23906856
24022371
24077481
24631758
25303841
25600550
25627628
25658456
25663862
25668803
25724462
25813142
25832726
25856330
25862264
25867592
25873340
25927016
25969991
25994573
26004002
26007056
26027000
26144642
26185433
26207762
26212220
26230514
26267129
26278334
26357051
26375906
26423546
26467970
26484980
26485445
26486300
26487275
26492045
26492240
26492300
26492675
26492870
26493275
26547023
26558786
26561921
26568071
26576651
26577116
26577191
26577686
26583881
26584541
26584976
26585081
26585141
26585201
26585576
26585771
26612987
26613212
26613842
26616077
26620502
26620937
26621042
26621102
26621477
26621537
26621672
26621732
26625263
26627018
26629484
26630723
26631068
26631263
26631323
26631698
26631818
26632358
26632418
26632553
26632613
26633018
26633093
26639129
26648879
26649674
26650034
26651699
26652365
26656274
26657429
26657564
26658029
26658164
26658224
26697443
26820134
19890950
21539366
21949043
21965141
22822426
22874227
22917913
23436934
23440171
23504317
23559373
23624584
23835718
23918404
24185374
24274873
24279619
24593911
24623617
25525548
25567134
25876272
25891830
25933335
25953153
25970163
26039358
26121456
26147757
26158008
26317545
26335221
26347137
26420049
26490285
26490345
26492175
26492235
26492370
26492430
26492925
26568066
26576151
26577186
26577501
26579826
26582901
26583306
26583876
26584671
26584731
26585076
26585136
26585766
26585961
26612052
26613207
26613837
26619642
26620632
26621037
26621667
26621727
26621862
26622267
26623368
26625258
26630718
26630793
26631258
26632488
26632548
26632608
26632683
26633088
26633208
26648580
26649669
26650029
26651199
26653845
26655669
26656269
26656329
26657124
26657559
26657619
26657694
26657754
26657814
26658099
26658159
26658219
26658294
26658414
26795562
26820264
21134649
21512283
22175595
22875971
22882058
22896443
22949213
23368733
23471489
23598092
23641220
23837561
23951702
24144266
24164084
24965912
25214662
25597987
25599193
25806226
25856509
25889992
25929490
25946866
25953526
25958482
25960321
25963381
26071495
26120227
26131933
26185192
26340055
26419126
26470027
26485960
26491075
26491960
26492425
26492560
26560066
26575801
26576341
26578861
26582401
26583376
26583631
26584171
26584726
26585266
26585461
26585521
26585956
26586061
26594197
26614072
26615992
26616022
26619637
26619832
26621167
26621362
26621797
26621857
26621917
26621992
26622022
26622328
26622457
26622517
26623312
26623753
26623813
26624413
26629798
26631643
26631703
26632108
26632183
26632243
26632678
26632873
26632933
26649364
26650414
26651704
26656654
26657119
26657254
26657689
26657749
26657809
26657884
26658289
26658349
26658409
26746876
26751151
26754826
26822284
21587083
22308496
22575430
22886664
22889850
22929903
23464962
23480994
23539239
23559306
23612718
23664336
23726991
23807211
24103476
24145557
24233271
24349860
24430656
24659592
24744423
24979788
25668998
25712288
25722386
25787660
25808057
25880126
25889105
26004581
26009138
26014673
26033504
26146412
26164457
26174873
26207759
26246354
26262080
26354381
26449037
26468315
26479331
26482328
26485955
26486120
26487290
26491325
26491460
26491895
26492555
26492690
26492810
26493155
26493215
26493290
26567981
26578361
26583626
26584166
26584796
26584916
26584991
26585396
26585456
26585516
26585591
26585711
26586056
26593787
26612432
26616017
26619827
26620067
26620892
26620952
26621297
26621492
26621552
26621612
26621987
26621993
26622017
26623748
26624483
26624543
26624978
26625008
26630354
26630543
26631083
26631638
26631773
26631833
26632178
26632238
26632373
26632433
26632868
26632928
26648954
26649554
26650409
26652374
26655494
26656784
26656844
26657444
26657879
26657939
26658044
26658104
26788592
26797013
