166202857 25830798,25700010
54903622 25659781
1117041308 25862443
28742053 26143586,25775735,25726897
1279753297 26193861,26170802,26157107,25959365,26018444,25874740,25897743,25865358,25862264,25732161,25745854,25593740
2262328002 25745447
136697856 25935619
1165365592 25639907,25639876
137919511 26143079,25986194,25795735,25764887,25597305
173035116 26144642
821891267 25810457,25600766,25570102
9458905 25884748,25804878,25690755
1405395857 25791138
1123503790 26220813
584736385 26098780,25843809,25620842
27633092 26050644
151140711 26253014,26209874,26180944,26133138,26129929,25833875
53329757 26101019,26028569
1182078469 26153536,26165513,25734121
826080591 26175807,25968296,25858786,25704315,25759784,25748294
711928345 25908220,25837335,25952748,25940647,25927016,25869766
70299826 26209537,26048554
338330786 26067238,25742983,25685213
281226335 25908749,25865061,25767164,25633130,25666067,25568312,25568446
55851979 25585696
437500596 26141217,25881875,25988667,25796348,25715067,25650412
359543250 25757917
156593539 26153686,26166263,26020310,26141348,25976300,26120514,26043129,26036019,26007899,25855030,25935596,25946797,25814146,25681245,25810839,25799964,25747763,25729337,25715327,25709732,25718668,25708187,25697071,25672093,25637306,25491520,25568616
1023575509 25952608,25886507,25768692
26644835 25742357,25621450
2400881632 25958482,25828229,25659471,25631058
1079111003 25992273
2246230249 25806439,25483055
108925811 25509175,25580461,25584983,25585273
1335960236 26017989
1030563965 26161062
50384409 26126897,25706460,25730841
163094693 26012962,26022198,26013162,25904795,25961452,25973713,25937428,25845061,25863268,25879344,25879384,25742555
430152848 26230827,26087473,26087148,25847700,25940596,25909142,25920373,25897196,25854096,25842857,25836303,25841454,25798073,25750566,25776444,25622970,25630678,25617302
850489218 26091429,25654559
885153269 26032073
1123558336 25949256,25927051,25646569
455641622 25759258
881989036 26023520,26159894,26038319,25970222,25949131,25658035,25652380,25703741
2391399 26071495,26157676,26147757,26104426,25965240,26053464,26014673,25900171,25896742,25880656,25920729,25876661,25811307,25808959,25670484,25511375,25633634
1430711299 25582421
1348264202 25975788
899815675 26142076,26029165,26154344,25998866,26003487,25994573,25855790,25835743,25803638,25675431,25670658,25651578
73655559 25635721
1149030681 26196603,25968643,25643278,25613418
294394108 25935494,25935104
397364949 26189897,25965235,25990363,25789135,25810447,25715958,25633164
2219367735 26206768,26008049,25828214,25717844,25710399,25557125
463402503 26141652,26048671,25910645,26048934,25774901,25587780,25670497
194283060 25753632,25763273
815589693 25994349,25947681,25966104,25635100,25623467,25642934
1499398395 26130143,25912075,25865872,25899854,25677042,25581390,25675071,25709764,25673912,25708474
60482100 25719640
52973291 26266299,26207762,26090190,26046105,26190739,26083674,26025268,25916738,25890002,25783295,25712680,25712435,25810407,25716498,25608513,25600903
11676000 26029234,25617747,25629158
9252197 26162544,26065239,25636705,25585596
2352218591 26204497
2227294518 25860632
1158327538 26228629,25787146,25788887,25662156
72195505 26180136,26167531,25729628,25664137
140786279 25969991
2467162382 26039649
869865938 25611485
793580881 25645112
1218930362 26002976,25943163,25836316,25560915,25524885
10202757 26125265,26237022,26121995,26213131,26236967,26247288,26271969,25750707,25692187,25679348
1280677501 25704607,25570771
9163449 25864898
97898470 25847914
2166620959 25805309
48657575 26188207,26075305,26200469,26102688,26006283,25994177,25995323,25989703,25808238,25659155,25658675,25731133
32173999 26216924,26138606,26148188,25865612,25708563,25688584,25644758,25647829
1453595886 26085583
1126895995 26112387
2167195519 26028888
1482526212 26002255,25621333
231364518 26039610,25983950,25934724,25778306
7426562 26262179
10452508 26241849,26159339,26158639,26137984,25742685,25614448
806603417 25726933
45144123 25983416,25891405
452644970 26013610
2272860649 26230514,26139164,25973565,25861488,25851882,25851192,25776277,25782913,25736077,25629385,25625633,25595092,25594692
239421651 26035498,26013514
332836222 26205823,26159343,26061034,26017619,25891694,25722153,25616354
2459769911 26139001,25971075
471291600 25668998
405961471 25806688
821184021 26249263
800585031 26278829,25639473,25534925
99371796 26254539,25949780,25935929,25624989
225878646 26012189,25953153,25783935,25737890,25743806,25752799,25671388,25668803,25615678,25512205,25601611
399865045 25774912
2269698138 26213063,26039758,26027947,25884968,25796422,25680260,25696146,25608891
469532897 26167706,26131933,26059297,25950430,25774062
1153638369 25868656,25704115,25793354,25614660
256323680 25911545,25822556
365803237 26008391
1270146206 26203063,26164083,25987614,25827698,25827458,25823269,25815549,25731816,25635955,25580550,25573615,25667716
81880025 26258649,26221992,26213863,26063650,26055565,25985060,26096409,25949485,26065989,25913945,26021762,26019712,25887555,25988162,25960321,25953526,25929382,25904696,25926718,25927649,25877481,25797736,25796246,25742861,25700937,25712449,25611708,25601103
3898113 26245877
985485696 26211616
103944560 25997135,25964923,25782616,25663862,25667939,25618172
80606090 26163641,26129233,26026104,25703047
1178867982 25893743
245664247 26208878,26025450,26002576,25961721,25832786
891542133 25627628
170547571 26240654,26039315,26008235,26026043,25973121,25993048,25981247,25721690,25822562,25720219
43238863 26213212
1491473287 26028118
433621691 25912604
230455002 25768518
123981828 26218503,25964466,25995329,25787685,25714899,25644892
866518235 26050803
1027359297 26221386,26129920,26278334,26036940,25842076,25749185,25849602,25860278,25840386,25884219,25792917,25768387,25728416,25633590,25740488,25645447,25615692,25522035,25613687,25518500
184337790 25701306
28831282 25906050,25728483
168819078 26159257
996846823 26226862,26030890,25955785,26013902,25804080,25866817,25797953,25739011,25742084,25665973,25601668
1068731426 26063491,25864923
28832303 25689128
1280098277 25643251
909164932 26246314
67684272 26201518,26163537,26057631,25937125,26053349,26013509,26005649,25901743,25847327,25818113,25782853,25750558,25687568,25634794,25576042
1317316920 25954203,25734971
2242007649 26182054,25836580,25655948
11128687 26057280,26056345,26203354
9634626 26162744,26006823
2161048349 25983957,25847230,25924242,25869816,25833018,25855959,25692418,25668161,25667056,25657798,25606477
131222532 25583783
62163052 26220521,26220781,26244387,26235667,26270664,26270614,26267724,26126043,25962490,25984742,25971834,25754637,25742419,25680237,25645428,25623067
1225849580 26162286,26160917,25989110,26003217,25929011,25882666,25899968,25747762
