1200057054
1200057064
1200057074
1200057084
1200057094
1200057104
1200057114
1200057124
1200057134
1200057144
1200057154
1200057164
1200057174
1200057184
1200057194
1200057204
1200057214
1200057224
1200057234
1200057244
1200057254
1200057264
1200057274
1200057284
1200057294
1200057304
1200057314
1200057324
1200057334
1200057344
1200057354
1200057364
1200057374
1200057384
1200057394
1200057404
1200057414
1200057424
1200057434
1200057444
1200057454
1200057464
1200057474
1200057484
1200057494
1200057504
1200057514
1200057524
1200057534
1200057544
1200057554
1200057564
1200057574
1200057584
1200057594
1200057604
1200057614
1200057624
1200057634
1200057644
1200057654
1200057664
1200057674
1200057684
1200057694
1200057704
1200057714
1200057724
1200057734
1200057744
1200057754
1200057764
1200057774
1200057784
1200057794
1200057804
1200057814
1200057824
1200057834
1200057844
1200057854
1200057864
1200057874
1200057884
1200057894
1200057904
1200057914
1200057924
1200057934
1200057944
1200057954
1200057964
1200057974
1200057984
1200057994
1200058004
1200058014
1200058024
1200058034
1200058044
1200058054
1200058064
1200058074
1200058084
1200058094
1200058104
1200058114
1200058124
1200058134
1200058144
1200058154
1200058164
1200058174
1200058184
1200058194
1200058204
1200058214
1200058224
1200058234
1200058244
1200058254
1200058264
1200058274
1200058284
1200058294
1200058304
1200058314
1200058324
1200058334
1200058344
1200058354
1200058364
1200058374
1200058384
1200058394
1200058404
1200058414
1200058424
1200058434
1200058444
1200058454
1200058464
1200058474
1200058484
1200058494
1200058504
1200058514
1200058524
1200058534
1200058544
1200058554
1200058564
1200058574
1200058584
1200058594
1200058604
1200058614
1200058624
1200058634
1200058644
1200058654
1200058664
1200058674
1200058684
1200058694
1200058704
1200058714
1200058724
1200058734
1200058744
1200058754
1200058764
1200058774
1200058784
1200058794
1200058804
1200058814
1200058824
1200058834
1200058844
1200058854
1200058864
1200058874
1200058884
1200058894
1200058904
1200058914
1200058924
1200058934
1200058944
1200058954
1200058964
1200058974
1200058984
1200058994
1200059004
1200059014
1200059024
1200059034
1200059044
1200059054
1200059064
1200059074
1200059084
1200059094
1200059104
1200059114
1200059124
1200059134
1200059144